[gd_scene load_steps=17 format=2]

[ext_resource path="res://Scenes/TreeScenes/OakTree1.tscn" type="PackedScene" id=1]
[ext_resource path="res://Scenes/TreeScenes/SpruceTree1.tscn" type="PackedScene" id=2]
[ext_resource path="res://Scenes/TreeScenes/SpruceTree3.tscn" type="PackedScene" id=3]
[ext_resource path="res://Scenes/RockScenes/BigRock2.tscn" type="PackedScene" id=4]
[ext_resource path="res://Scenes/RockScenes/BigRock3.tscn" type="PackedScene" id=5]
[ext_resource path="res://Scenes/RockScenes/Rock_20.tscn" type="PackedScene" id=6]
[ext_resource path="res://Scenes/TreeScenes/DeadSpruce1.tscn" type="PackedScene" id=7]
[ext_resource path="res://Scenes/TreeScenes/DeadSpruce3.tscn" type="PackedScene" id=8]
[ext_resource path="res://Scenes/TreeScenes/DeadOak1.tscn" type="PackedScene" id=9]
[ext_resource path="res://Scenes/TreeScenes/DeadOak3.tscn" type="PackedScene" id=10]
[ext_resource path="res://Scenes/TreeScenes/DeadOak2.tscn" type="PackedScene" id=11]
[ext_resource path="res://Scenes/TreeScenes/OakTree2.tscn" type="PackedScene" id=12]
[ext_resource path="res://Scenes/RockScenes/Rock3.tscn" type="PackedScene" id=13]

[sub_resource type="CubeMesh" id=1]

[sub_resource type="SpatialMaterial" id=2]
albedo_color = Color( 0.34902, 0.67451, 0.12549, 1 )
roughness = 0.5

[sub_resource type="BoxShape" id=3]

[node name="TestLevel1" type="Node"]

[node name="Ground" type="Spatial" parent="."]
transform = Transform( 10, 0, 0, 0, 0.01, 0, 0, 0, 10, 0, 0, 0 )

[node name="GroundModel" type="MeshInstance" parent="Ground"]
transform = Transform( 10, 0, 0, 0, 0.01, 0, 0, 0, 10, 0.028192, 0, 0.0119387 )
mesh = SubResource( 1 )
material/0 = SubResource( 2 )

[node name="StaticBody" type="StaticBody" parent="Ground"]
transform = Transform( 10, 0, 0, 0, 1, 0, 0, 0, 10, 0, 0, 0 )

[node name="CollisionShape" type="CollisionShape" parent="Ground/StaticBody"]
transform = Transform( 5, 0, 0, 0, 0.01, 0, 0, 0, 5, 0, 0, 0 )
shape = SubResource( 3 )

[node name="Trees" type="Node" parent="."]

[node name="OakTree1_1" parent="Trees" instance=ExtResource( 1 )]
transform = Transform( -0.5, 0, 0.866025, 0, 1, 0, -0.866025, 0, -0.5, -4.056, 0, 11.0409 )

[node name="OakTree1_2" parent="Trees" instance=ExtResource( 1 )]
transform = Transform( 0.489763, 0, 0.871856, 0, 1, 0, -0.871856, 0, 0.489763, -4.056, 0, -17.4204 )

[node name="SpruceTree1_1" parent="Trees" instance=ExtResource( 2 )]
transform = Transform( 1, 0, 0, 0, 1, 0, 0, 0, 1, 11.4115, 0, -10.1025 )

[node name="SpruceTree3_1" parent="Trees" instance=ExtResource( 3 )]
transform = Transform( 1, 0, 0, 0, 1, 0, 0, 0, 1, 25.6004, 0, 19.8245 )

[node name="DeadSpruce1" parent="Trees" instance=ExtResource( 7 )]
transform = Transform( 1, 0, 0, 0, 1, 0, 0, 0, 1, 26.4885, 0, 3.58189 )

[node name="DeadSpruce3" parent="Trees" instance=ExtResource( 8 )]
transform = Transform( 1, 0, 0, 0, 1, 0, 0, 0, 1, 7.34865, 0, -20.8229 )

[node name="DeadOak1" parent="Trees" instance=ExtResource( 9 )]
transform = Transform( 0.663051, 0, -0.748574, 0, 1, 0, 0.748574, 0, 0.663051, 28.7384, 0, -9.88315 )

[node name="DeadOak3" parent="Trees" instance=ExtResource( 10 )]
transform = Transform( 0.944898, 0, -0.327366, 0, 1, 0, 0.327366, 0, 0.944898, -17.1532, 0, -26.3184 )

[node name="DeadOak2" parent="Trees" instance=ExtResource( 11 )]
transform = Transform( 0.969595, 0, -0.244715, 0, 1, 0, 0.244715, 0, 0.969595, -11.8179, 0, 23.5367 )

[node name="OakTree2" parent="Trees" instance=ExtResource( 12 )]
transform = Transform( 0.900106, 0, -0.435671, 0, 1, 0, 0.435671, 0, 0.900106, -14.9204, 0, 8.96618 )

[node name="Rocks" type="Node" parent="."]

[node name="BigRock2" parent="Rocks" instance=ExtResource( 4 )]
transform = Transform( 1, 0, 0, 0, 1, 0, 0, 0, 1, -20.6139, 0.288181, 0 )

[node name="BigRock3" parent="Rocks" instance=ExtResource( 5 )]
transform = Transform( 0.258819, 0, 0.965926, 0, 1, 0, -0.965926, 0, 0.258819, 7, 0, 25 )

[node name="Rock_20" parent="Rocks" instance=ExtResource( 6 )]
transform = Transform( 0.919732, 0, 0.392546, 0, 1, 0, -0.392546, 0, 0.919732, 22.2572, 0, -15.8356 )

[node name="Rock3" parent="Rocks" instance=ExtResource( 13 )]
transform = Transform( 0.84487, 0, -0.534972, 0, 1, 0, 0.534972, 0, 0.84487, 16.1756, 0.204925, 8.47767 )
